3	PPA	SETUP03	15345	5000620			1	21.02.2018	21.02.2018	,1	,1	,1	100	100	100	0	1	1	0	0	21.02.2018		1	1	0	PPA	E	21.02.2018	0
2	370
3	PPA	SETUP03	15345	10	0	2	RU1	22171	1	0	1		0
2	350
3	PPA	SETUP03	15345	10	0	22171	1	0	1	0	60	1	1	1	26.02.2018	26.02.2018	0	21.02.2018	0	21.02.2018	37800	41400	0	1	0	1	0	1	1	0	100		0	1	0	60	0	0	PPA
2	365
3	PPA	SETUP03	15345	20	0	2	RM1	22172	1	0	1		0
2	350
3	PPA	SETUP03	15345	20	0	22172	1	0	1	0	60	1	1	1	26.02.2018	26.02.2018	0	21.02.2018	0	21.02.2018	41400	45000	0	1	0	1	0	1	1	0	100		0	1	0	60	0	0	PPA
2	365
3	PPA	SETUP03	15345	22171	15345	22172	0	1	6	0	UEBERMATRIX	1	1	PPA	0	2
2	360
3	PPA	SETUP03	15345	30	0	2	RU2	22173	1	0	1		0
2	350
3	PPA	SETUP03	15345	30	0	22173	1	0	1	0	60	1	1	1	26.02.2018	26.02.2018	0	21.02.2018	0	21.02.2018	45000	48600	0	1	0	1	0	1	1	0	100		0	1	0	60	0	0	PPA
2	365
3	PPA	SETUP03	15345	22172	15345	22173	0	1	6	0	UEBERMATRIX	1	1	PPA	0	2
2	360