3	PPA	PROC	15340	5000620			2	23.01.2018	23.01.2018	,1	,1	,1	100	100	100	0	1	2	0	0	19.01.2018		1	2	0	PPA	E	19.01.2018	1
2	370
3	PPA	PROC	15340	10	0	2	RR1	22166	1	0	1		1
2	350
3	PPA	PROC	15340	10	0	22166	1	0	1	30	15	1	1	1	22.01.2018	22.01.2018	0	19.01.2018	0	19.01.2018	50400	54000	0	1	0	1	0	1	1	0	100		0	2	30	30	0	0	PPA
2	365
3	PPA	PROC	15340	20	0	2	R1	22168	1	0	1		1
2	350
3	PPA	PROC	15340	20	0	22168	1	0	1	30	15	1	1	1	22.01.2018	22.01.2018	0	19.01.2018	0	19.01.2018	54000	57600	0	1	0	1	0	1	1	0	100		0	2	30	30	0	0	PPA
2	365
3	PPA	PROC	15340	22166	15340	22168	0	1	3	0	UEBERMATRIX	1	1	PPA	0	2
2	360