3	PPA	SETUP04	15346	5000620			1	21.02.2018	21.02.2018	,1	,1	,1	100	100	100	0	1	1	0	0	21.02.2018		1	1	0	PPA	E	21.02.2018	0
2	370
3	PPA	SETUP04	15346	10	0	2	R1	22174	1	0	1		0
2	350
3	PPA	SETUP04	15346	10	0	22174	1	0	1	0	60	1	1	1	26.02.2018	26.02.2018	0	21.02.2018	0	21.02.2018	34200	37800	0	1	0	1	0	1	1	0	100		0	1	0	60	0	0	PPA
2	365
3	PPA	SETUP04	15346	20	0	2	RM1	22175	1	0	1		0
2	350
3	PPA	SETUP04	15346	20	0	22175	1	0	1	0	60	1	1	1	26.02.2018	26.02.2018	0	21.02.2018	0	21.02.2018	37800	41400	0	1	0	1	0	1	1	0	100		0	1	0	60	0	0	PPA
2	365
3	PPA	SETUP04	15346	22174	15346	22175	0	1	3	0	UEBERMATRIX	1	1	PPA	0	2
2	360
3	PPA	SETUP04	15346	30	0	2	R2	22176	1	0	1		0
2	350
3	PPA	SETUP04	15346	30	0	22176	1	0	1	0	60	1	1	1	26.02.2018	26.02.2018	0	21.02.2018	0	21.02.2018	41400	45000	0	1	0	1	0	1	1	0	100		0	1	0	60	0	0	PPA
2	365
3	PPA	SETUP04	15346	22175	15346	22176	0	1	3	0	UEBERMATRIX	1	1	PPA	0	2
2	360